1779569213093 1.0 0
1779569213102 2.0 1
1779569213109 2.0 2
1779569213117 2.0 3
1779569213124 2.0 4
1779569213130 1.0 5
1779569213138 1.0 6
1779569213147 2.0 7
1779569213154 1.0 8
1779569213161 2.0 9
1779569213168 2.0 10
1779569213175 2.0 11
1779569213182 1.0 12
1779569213189 2.0 13
1779569213196 2.0 14
1779569213203 1.0 15
1779569213210 1.0 16
1779569213218 2.0 17
1779569213225 1.0 18
1779569213232 2.0 19
1779569213239 2.0 20
1779569213246 1.0 21
1779569213253 0.0 22
1779569213260 2.0 23
1779569213267 1.0 24
1779569213275 1.0 25
1779569213283 2.0 26
1779569213296 1.0 27
1779569213303 2.0 28
1779569213310 1.0 29
1779569213317 2.0 30
1779569213324 2.0 31
1779569213332 2.0 32
1779569213339 1.0 33
1779569213346 1.0 34
1779569213353 2.0 35
