1779569213093 0.0 0
1779569213102 0.0 1
1779569213109 0.0 2
1779569213117 0.0 3
1779569213124 0.0 4
1779569213130 0.0 5
1779569213138 0.0 6
1779569213147 0.0 7
1779569213154 0.0 8
1779569213161 0.0 9
1779569213168 0.0 10
1779569213175 0.0 11
1779569213182 0.0 12
1779569213189 0.0 13
1779569213196 0.0 14
1779569213203 0.0 15
1779569213210 0.0 16
1779569213218 0.0 17
1779569213225 0.0 18
1779569213232 0.0 19
1779569213239 0.0 20
1779569213246 0.0 21
1779569213253 3.0 22
1779569213260 0.0 23
1779569213267 0.0 24
1779569213275 2.0 25
1779569213283 0.0 26
1779569213296 0.0 27
1779569213303 0.0 28
1779569213310 0.0 29
1779569213317 0.0 30
1779569213324 0.0 31
1779569213332 0.0 32
1779569213339 0.0 33
1779569213346 1.0 34
1779569213353 0.0 35
