1779569215433 1.0 0
1779569215440 1.0 1
1779569215448 2.0 2
1779569215454 1.0 3
1779569215461 1.0 4
1779569215468 2.0 5
1779569215475 1.0 6
1779569215482 2.0 7
1779569215489 1.0 8
1779569215496 0.0 9
1779569215502 0.0 10
1779569215509 1.0 11
1779569215516 0.0 12
1779569215523 2.0 13
1779569215530 1.0 14
1779569215537 1.0 15
1779569215544 0.0 16
1779569215552 2.0 17
1779569215559 1.0 18
1779569215567 2.0 19
1779569215574 1.0 20
1779569215581 2.0 21
1779569215588 1.0 22
1779569215594 2.0 23
1779569215602 1.0 24
1779569215609 2.0 25
1779569215616 2.0 26
1779569215622 1.0 27
1779569215629 1.0 28
1779569215636 1.0 29
1779569215643 0.0 30
1779569215651 1.0 31
1779569215657 0.0 32
1779569215664 2.0 33
1779569215671 1.0 34
1779569215678 1.0 35
1779569215685 2.0 36
