1779569215433 0.0 0
1779569215440 1.0 1
1779569215448 0.0 2
1779569215454 0.0 3
1779569215461 2.0 4
1779569215468 0.0 5
1779569215475 0.0 6
1779569215482 0.0 7
1779569215489 0.0 8
1779569215496 2.0 9
1779569215502 4.0 10
1779569215509 2.0 11
1779569215516 4.0 12
1779569215523 0.0 13
1779569215530 0.0 14
1779569215537 1.0 15
1779569215544 1.0 16
1779569215552 0.0 17
1779569215559 0.0 18
1779569215567 0.0 19
1779569215574 0.0 20
1779569215581 0.0 21
1779569215588 0.0 22
1779569215594 0.0 23
1779569215602 0.0 24
1779569215609 0.0 25
1779569215616 0.0 26
1779569215622 0.0 27
1779569215629 0.0 28
1779569215636 0.0 29
1779569215643 3.0 30
1779569215651 0.0 31
1779569215657 3.0 32
1779569215664 0.0 33
1779569215671 0.0 34
1779569215678 1.0 35
1779569215685 0.0 36
