1779569213986 0.0 0
1779569213993 1.0 1
1779569214001 2.0 2
1779569214008 0.0 3
1779569214016 1.0 4
1779569214023 3.0 5
1779569214030 0.0 6
1779569214036 2.0 7
1779569214043 0.0 8
1779569214050 0.0 9
1779569214057 0.0 10
1779569214064 0.0 11
1779569214071 0.0 12
1779569214078 3.0 13
1779569214086 0.0 14
1779569214093 0.0 15
1779569214101 0.0 16
1779569214108 0.0 17
1779569214115 3.0 18
1779569214121 3.0 19
1779569214128 3.0 20
1779569214136 0.0 21
1779569214144 3.0 22
1779569214151 3.0 23
1779569214158 0.0 24
1779569214165 0.0 25
1779569214172 0.0 26
1779569214178 3.0 27
1779569214185 0.0 28
1779569214192 0.0 29
1779569214199 3.0 30
1779569214206 0.0 31
1779569214213 0.0 32
1779569214221 0.0 33
1779569214228 0.0 34
1779569214235 3.0 35
1779569214242 0.0 36
1779569214249 0.0 37
1779569214256 3.0 38
1779569214263 0.0 39
1779569214270 0.0 40
1779569214277 0.0 41
1779569214283 0.0 42
1779569214291 0.0 43
1779569214298 0.0 44
1779569214305 0.0 45
1779569214312 1.0 46
1779569214323 0.0 47
1779569214331 2.0 48
1779569214338 0.0 49
1779569214346 1.0 50
1779569214353 2.0 51
1779569214360 0.0 52
1779569214367 0.0 53
1779569214374 1.0 54
1779569214382 1.0 55
1779569214389 0.0 56
1779569214397 0.0 57
1779569214404 0.0 58
1779569214411 1.0 59
1779569214418 0.0 60
1779569214425 2.0 61
1779569214432 3.0 62
1779569214439 0.0 63
1779569214447 2.0 64
1779569214454 0.0 65
1779569214462 0.0 66
1779569214469 0.0 67
1779569214476 1.0 68
1779569214483 3.0 69
1779569214491 0.0 70
1779569214498 3.0 71
1779569214505 0.0 72
1779569214513 0.0 73
1779569214520 0.0 74
1779569214527 0.0 75
1779569214535 0.0 76
1779569214542 0.0 77
1779569214549 0.0 78
1779569214556 0.0 79
1779569214564 0.0 80
1779569214571 0.0 81
1779569214578 1.0 82
1779569214586 1.0 83
1779569214593 0.0 84
1779569214600 2.0 85
1779569214608 0.0 86
1779569214615 3.0 87
1779569214623 0.0 88
1779569214631 0.0 89
1779569214639 0.0 90
1779569214646 0.0 91
1779569214655 0.0 92
1779569214663 0.0 93
1779569214670 0.0 94
1779569214678 1.0 95
1779569214685 3.0 96
1779569214693 0.0 97
1779569214700 0.0 98
1779569214708 0.0 99
1779569214716 0.0 100
1779569214723 0.0 101
1779569214731 0.0 102
1779569214738 0.0 103
1779569214746 0.0 104
1779569214754 3.0 105
1779569214762 2.0 106
1779569214770 0.0 107
1779569214778 0.0 108
1779569214785 1.0 109
1779569214793 0.0 110
1779569214801 3.0 111
1779569214808 0.0 112
1779569214816 1.0 113
1779569214823 0.0 114
1779569214831 0.0 115
1779569214839 0.0 116
1779569214847 0.0 117
1779569214855 1.0 118
1779569214863 0.0 119
1779569214870 0.0 120
1779569214878 1.0 121
1779569214886 0.0 122
1779569214894 0.0 123
1779569214902 0.0 124
1779569214910 0.0 125
1779569214918 0.0 126
1779569214926 2.0 127
1779569214934 0.0 128
1779569214942 3.0 129
1779569214950 0.0 130
1779569214957 0.0 131
1779569214966 2.0 132
1779569214974 1.0 133
1779569214983 0.0 134
1779569214991 0.0 135
1779569214999 0.0 136
1779569215007 3.0 137
1779569215015 0.0 138
1779569215022 0.0 139
1779569215030 0.0 140
1779569215037 0.0 141
1779569215045 0.0 142
1779569215053 0.0 143
1779569215061 0.0 144
1779569215069 3.0 145
1779569215076 1.0 146
1779569215085 0.0 147
1779569215092 1.0 148
1779569215101 0.0 149
1779569215109 3.0 150
1779569215118 1.0 151
1779569215126 0.0 152
1779569215135 0.0 153
1779569215143 1.0 154
1779569215152 3.0 155
1779569215160 0.0 156
1779569215169 0.0 157
1779569215177 3.0 158
1779569215185 3.0 159
1779569215193 0.0 160
1779569215202 2.0 161
1779569215210 0.0 162
1779569215219 0.0 163
1779569215228 0.0 164
1779569215236 1.0 165
1779569215244 0.0 166
1779569215253 0.0 167
1779569215261 0.0 168
1779569215269 1.0 169
1779569215277 2.0 170
1779569215285 0.0 171
1779569215293 3.0 172
1779569215301 1.0 173
1779569215310 0.0 174
1779569215318 0.0 175
1779569215326 0.0 176
1779569215334 0.0 177
1779569215343 0.0 178
1779569215351 1.0 179
1779569215359 0.0 180
1779569215367 0.0 181
1779569215375 2.0 182
1779569215383 0.0 183
1779569215391 0.0 184
