1779569211074 2.0 0
1779569211083 0.0 1
1779569211091 0.0 2
1779569211100 0.0 3
1779569211107 0.0 4
1779569211114 3.0 5
1779569211121 0.0 6
1779569211128 1.0 7
1779569211134 2.0 8
1779569211141 0.0 9
1779569211148 0.0 10
1779569211155 1.0 11
1779569211162 0.0 12
1779569211168 0.0 13
1779569211176 2.0 14
1779569211189 1.0 15
1779569211197 0.0 16
1779569211204 2.0 17
1779569211211 0.0 18
1779569211219 0.0 19
1779569211226 0.0 20
1779569211233 0.0 21
1779569211240 0.0 22
1779569211247 0.0 23
1779569211254 0.0 24
1779569211261 1.0 25
1779569211267 1.0 26
1779569211274 0.0 27
1779569211281 3.0 28
1779569211288 1.0 29
1779569211295 2.0 30
1779569211302 3.0 31
1779569211309 3.0 32
1779569211316 3.0 33
1779569211322 0.0 34
1779569211330 0.0 35
1779569211336 0.0 36
1779569211343 0.0 37
1779569211350 0.0 38
1779569211357 0.0 39
1779569211364 0.0 40
1779569211371 0.0 41
1779569211379 3.0 42
1779569211387 0.0 43
1779569211397 3.0 44
1779569211404 0.0 45
1779569211412 3.0 46
1779569211419 0.0 47
1779569211426 1.0 48
1779569211433 0.0 49
1779569211440 0.0 50
1779569211447 0.0 51
1779569211454 0.0 52
1779569211461 0.0 53
1779569211468 0.0 54
1779569211475 0.0 55
1779569211482 0.0 56
1779569211489 0.0 57
1779569211496 0.0 58
1779569211503 0.0 59
1779569211510 0.0 60
1779569211517 1.0 61
1779569211524 0.0 62
1779569211532 0.0 63
1779569211540 3.0 64
1779569211547 0.0 65
1779569211553 0.0 66
1779569211560 0.0 67
1779569211567 0.0 68
1779569211574 3.0 69
1779569211581 3.0 70
1779569211588 0.0 71
