1779569211074 0.0 0
1779569211083 1.0 1
1779569211091 2.0 2
1779569211100 1.0 3
1779569211107 2.0 4
1779569211114 0.0 5
1779569211121 2.0 6
1779569211128 1.0 7
1779569211134 0.0 8
1779569211141 2.0 9
1779569211148 1.0 10
1779569211155 1.0 11
1779569211162 2.0 12
1779569211168 1.0 13
1779569211176 0.0 14
1779569211189 1.0 15
1779569211197 2.0 16
1779569211204 0.0 17
1779569211211 1.0 18
1779569211219 2.0 19
1779569211226 1.0 20
1779569211233 1.0 21
1779569211240 2.0 22
1779569211247 2.0 23
1779569211254 1.0 24
1779569211261 1.0 25
1779569211267 1.0 26
1779569211274 2.0 27
1779569211281 0.0 28
1779569211288 1.0 29
1779569211295 0.0 30
1779569211302 0.0 31
1779569211309 0.0 32
1779569211316 0.0 33
1779569211322 2.0 34
1779569211330 2.0 35
1779569211336 1.0 36
1779569211343 2.0 37
1779569211350 2.0 38
1779569211357 2.0 39
1779569211364 2.0 40
1779569211371 2.0 41
1779569211379 0.0 42
1779569211387 2.0 43
1779569211397 0.0 44
1779569211404 2.0 45
1779569211412 0.0 46
1779569211419 1.0 47
1779569211426 1.0 48
1779569211433 1.0 49
1779569211440 2.0 50
1779569211447 1.0 51
1779569211454 2.0 52
1779569211461 1.0 53
1779569211468 1.0 54
1779569211475 1.0 55
1779569211482 2.0 56
1779569211489 2.0 57
1779569211496 2.0 58
1779569211503 2.0 59
1779569211510 2.0 60
1779569211517 1.0 61
1779569211524 2.0 62
1779569211532 1.0 63
1779569211540 0.0 64
1779569211547 2.0 65
1779569211553 1.0 66
1779569211560 2.0 67
1779569211567 1.0 68
1779569211574 0.0 69
1779569211581 0.0 70
1779569211588 1.0 71
