1779569216321 2.0 0
1779569216329 0.0 1
1779569216336 0.0 2
1779569216344 0.0 3
1779569216353 1.0 4
1779569216360 2.0 5
1779569216368 0.0 6
1779569216374 0.0 7
1779569216381 0.0 8
1779569216389 2.0 9
1779569216396 0.0 10
1779569216403 3.0 11
1779569216411 0.0 12
1779569216419 0.0 13
1779569216427 0.0 14
1779569216434 0.0 15
1779569216441 3.0 16
1779569216448 0.0 17
1779569216455 3.0 18
1779569216462 0.0 19
1779569216469 2.0 20
1779569216476 0.0 21
1779569216483 0.0 22
1779569216490 0.0 23
1779569216497 1.0 24
1779569216504 0.0 25
1779569216511 1.0 26
1779569216518 3.0 27
1779569216525 2.0 28
1779569216531 0.0 29
1779569216538 0.0 30
1779569216546 1.0 31
1779569216553 0.0 32
1779569216560 2.0 33
1779569216567 0.0 34
1779569216574 0.0 35
1779569216580 0.0 36
1779569216587 3.0 37
1779569216594 0.0 38
1779569216601 1.0 39
1779569216609 0.0 40
1779569216616 0.0 41
1779569216623 0.0 42
1779569216630 0.0 43
1779569216637 0.0 44
1779569216644 0.0 45
1779569216651 2.0 46
1779569216658 0.0 47
1779569216665 2.0 48
1779569216672 0.0 49
1779569216680 0.0 50
1779569216688 0.0 51
1779569216695 0.0 52
1779569216702 0.0 53
1779569216709 0.0 54
1779569216717 4.0 55
1779569216724 0.0 56
1779569216731 0.0 57
1779569216738 0.0 58
1779569216745 4.0 59
1779569216752 0.0 60
1779569216759 0.0 61
1779569216766 4.0 62
1779569216773 2.0 63
1779569216780 0.0 64
1779569216793 0.0 65
1779569216803 0.0 66
1779569216811 0.0 67
1779569216819 0.0 68
1779569216826 0.0 69
1779569216834 2.0 70
1779569216841 2.0 71
1779569216848 0.0 72
1779569216856 0.0 73
1779569216863 0.0 74
1779569216871 1.0 75
1779569216878 0.0 76
1779569216885 4.0 77
1779569216892 0.0 78
1779569216899 3.0 79
1779569216907 0.0 80
1779569216914 2.0 81
1779569216921 0.0 82
1779569216929 0.0 83
1779569216936 0.0 84
1779569216943 0.0 85
1779569216951 0.0 86
1779569216958 2.0 87
1779569216966 0.0 88
1779569216973 0.0 89
1779569216981 2.0 90
1779569216988 1.0 91
1779569216996 0.0 92
1779569217003 1.0 93
1779569217011 2.0 94
1779569217018 0.0 95
1779569217026 0.0 96
1779569217033 0.0 97
1779569217041 2.0 98
1779569217048 3.0 99
1779569217055 2.0 100
1779569217062 2.0 101
1779569217070 0.0 102
1779569217077 0.0 103
1779569217084 0.0 104
1779569217092 0.0 105
1779569217099 0.0 106
1779569217106 0.0 107
1779569217114 0.0 108
1779569217123 0.0 109
1779569217132 0.0 110
1779569217139 1.0 111
1779569217147 3.0 112
1779569217154 0.0 113
1779569217162 4.0 114
1779569217169 4.0 115
1779569217177 0.0 116
1779569217185 2.0 117
1779569217192 0.0 118
1779569217200 0.0 119
1779569217208 0.0 120
1779569217216 0.0 121
1779569217223 0.0 122
1779569217231 0.0 123
1779569217238 0.0 124
1779569217246 0.0 125
1779569217253 0.0 126
1779569217261 3.0 127
1779569217269 0.0 128
1779569217276 0.0 129
1779569217284 2.0 130
1779569217292 4.0 131
1779569217300 0.0 132
1779569217307 0.0 133
1779569217315 0.0 134
1779569217323 0.0 135
1779569217330 0.0 136
1779569217338 1.0 137
1779569217346 0.0 138
1779569217353 3.0 139
1779569217361 0.0 140
1779569217369 1.0 141
1779569217377 4.0 142
1779569217385 2.0 143
1779569217392 0.0 144
1779569217400 0.0 145
1779569217408 0.0 146
1779569217416 0.0 147
1779569217424 0.0 148
1779569217432 0.0 149
1779569217439 0.0 150
1779569217447 0.0 151
1779569217455 0.0 152
1779569217463 0.0 153
1779569217470 0.0 154
1779569217478 0.0 155
1779569217486 4.0 156
1779569217494 0.0 157
1779569217502 0.0 158
1779569217510 0.0 159
1779569217518 1.0 160
1779569217526 0.0 161
1779569217534 1.0 162
1779569217542 1.0 163
1779569217549 0.0 164
1779569217557 0.0 165
1779569217565 0.0 166
1779569217573 0.0 167
1779569217581 3.0 168
1779569217589 0.0 169
1779569217597 3.0 170
1779569217605 0.0 171
1779569217613 4.0 172
1779569217621 0.0 173
1779569217629 3.0 174
1779569217638 0.0 175
1779569217646 1.0 176
1779569217654 3.0 177
