1779569211647 2.0 0
1779569211654 0.0 1
1779569211661 1.0 2
1779569211669 2.0 3
1779569211676 1.0 4
1779569211684 1.0 5
1779569211690 0.0 6
1779569211697 2.0 7
1779569211704 2.0 8
1779569211711 1.0 9
1779569211718 1.0 10
1779569211724 2.0 11
1779569211731 1.0 12
1779569211739 2.0 13
1779569211746 1.0 14
1779569211752 0.0 15
1779569211759 1.0 16
1779569211766 2.0 17
1779569211772 2.0 18
1779569211779 1.0 19
1779569211786 2.0 20
1779569211793 1.0 21
1779569211799 1.0 22
1779569211806 2.0 23
1779569211814 2.0 24
1779569211820 0.0 25
1779569211827 0.0 26
1779569211834 2.0 27
1779569211841 1.0 28
1779569211848 0.0 29
1779569211855 0.0 30
1779569211862 1.0 31
1779569211869 1.0 32
1779569211876 0.0 33
1779569211882 1.0 34
1779569211889 1.0 35
1779569211896 0.0 36
1779569211903 0.0 37
1779569211910 1.0 38
1779569211918 0.0 39
1779569211925 1.0 40
1779569211932 1.0 41
1779569211939 2.0 42
1779569211945 2.0 43
1779569211952 0.0 44
1779569211959 2.0 45
1779569211966 2.0 46
1779569211973 2.0 47
1779569211981 1.0 48
1779569211988 0.0 49
1779569211995 0.0 50
1779569212002 1.0 51
1779569212009 0.0 52
1779569212016 1.0 53
1779569212024 2.0 54
1779569212031 1.0 55
1779569212038 1.0 56
1779569212045 1.0 57
1779569212052 1.0 58
1779569212059 1.0 59
1779569212066 2.0 60
1779569212073 1.0 61
1779569212081 2.0 62
1779569212090 1.0 63
1779569212097 1.0 64
1779569212104 1.0 65
1779569212111 2.0 66
1779569212119 0.0 67
1779569212126 0.0 68
1779569212134 1.0 69
1779569212141 1.0 70
1779569212149 1.0 71
1779569212156 0.0 72
1779569212164 1.0 73
1779569212171 2.0 74
1779569212178 0.0 75
1779569212186 0.0 76
1779569212193 2.0 77
1779569212200 2.0 78
1779569212207 1.0 79
1779569212214 2.0 80
1779569212221 2.0 81
1779569212228 1.0 82
1779569212235 0.0 83
1779569212242 1.0 84
1779569212250 0.0 85
1779569212257 2.0 86
1779569212265 1.0 87
1779569212272 0.0 88
1779569212279 1.0 89
1779569212286 0.0 90
1779569212294 1.0 91
1779569212301 2.0 92
1779569212308 2.0 93
1779569212315 2.0 94
1779569212323 1.0 95
1779569212331 1.0 96
1779569212340 1.0 97
1779569212348 1.0 98
1779569212355 1.0 99
1779569212363 1.0 100
1779569212371 2.0 101
1779569212378 2.0 102
1779569212386 1.0 103
1779569212393 2.0 104
1779569212401 2.0 105
1779569212408 1.0 106
1779569212416 2.0 107
1779569212423 2.0 108
1779569212431 2.0 109
1779569212438 2.0 110
1779569212446 0.0 111
1779569212453 1.0 112
1779569212461 1.0 113
1779569212469 2.0 114
1779569212476 1.0 115
1779569212484 1.0 116
1779569212491 2.0 117
1779569212499 2.0 118
1779569212506 1.0 119
1779569212514 0.0 120
1779569212521 2.0 121
1779569212530 2.0 122
1779569212538 1.0 123
1779569212545 1.0 124
1779569212553 1.0 125
1779569212561 1.0 126
1779569212570 2.0 127
1779569212578 2.0 128
1779569212585 1.0 129
1779569212593 1.0 130
1779569212601 2.0 131
1779569212609 1.0 132
1779569212617 0.0 133
1779569212625 2.0 134
1779569212632 2.0 135
1779569212640 2.0 136
1779569212648 0.0 137
1779569212656 1.0 138
1779569212664 2.0 139
1779569212672 2.0 140
1779569212680 2.0 141
1779569212688 2.0 142
1779569212696 0.0 143
1779569212704 1.0 144
1779569212711 1.0 145
1779569212719 2.0 146
1779569212727 0.0 147
1779569212735 1.0 148
1779569212743 2.0 149
1779569212751 0.0 150
1779569212759 1.0 151
1779569212768 2.0 152
1779569212776 1.0 153
1779569212784 1.0 154
1779569212792 1.0 155
1779569212800 0.0 156
1779569212808 0.0 157
1779569212816 0.0 158
1779569212824 2.0 159
1779569212832 2.0 160
1779569212840 0.0 161
1779569212848 2.0 162
1779569212856 0.0 163
1779569212864 2.0 164
1779569212872 0.0 165
1779569212880 2.0 166
1779569212888 0.0 167
1779569212897 2.0 168
1779569212905 2.0 169
1779569212913 1.0 170
1779569212922 2.0 171
1779569212930 2.0 172
1779569212938 0.0 173
1779569212947 1.0 174
1779569212956 2.0 175
1779569212964 1.0 176
1779569212974 2.0 177
1779569212984 1.0 178
1779569212992 0.0 179
1779569213002 1.0 180
1779569213010 1.0 181
1779569213019 2.0 182
1779569213027 0.0 183
1779569213035 1.0 184
1779569213044 1.0 185
1779569213053 1.0 186
