1779569210785 1.0 0
1779569210793 0.0 1
1779569210800 0.0 2
1779569210807 1.0 3
1779569210813 0.0 4
1779569210820 0.0 5
1779569210827 2.0 6
1779569210833 2.0 7
1779569210840 0.0 8
1779569210847 2.0 9
1779569210854 2.0 10
1779569210861 2.0 11
1779569210868 1.0 12
1779569210875 1.0 13
1779569210882 2.0 14
1779569210889 1.0 15
1779569210896 2.0 16
1779569210903 1.0 17
1779569210910 1.0 18
1779569210918 2.0 19
1779569210924 2.0 20
1779569210932 1.0 21
1779569210938 1.0 22
1779569210945 0.0 23
1779569210952 2.0 24
1779569210958 1.0 25
1779569210966 1.0 26
1779569210973 2.0 27
1779569210981 0.0 28
1779569210989 1.0 29
1779569210997 2.0 30
1779569211004 2.0 31
1779569211011 0.0 32
1779569211018 2.0 33
1779569211025 1.0 34
1779569211032 0.0 35
