1779569210785 0.0 0
1779569210793 3.0 1
1779569210800 4.0 2
1779569210807 0.0 3
1779569210813 3.0 4
1779569210820 1.0 5
1779569210827 0.0 6
1779569210833 0.0 7
1779569210840 4.0 8
1779569210847 0.0 9
1779569210854 0.0 10
1779569210861 0.0 11
1779569210868 1.0 12
1779569210875 0.0 13
1779569210882 0.0 14
1779569210889 2.0 15
1779569210896 0.0 16
1779569210903 0.0 17
1779569210910 0.0 18
1779569210918 0.0 19
1779569210924 0.0 20
1779569210932 1.0 21
1779569210938 0.0 22
1779569210945 1.0 23
1779569210952 0.0 24
1779569210958 0.0 25
1779569210966 0.0 26
1779569210973 0.0 27
1779569210981 3.0 28
1779569210989 2.0 29
1779569210997 0.0 30
1779569211004 0.0 31
1779569211011 4.0 32
1779569211018 0.0 33
1779569211025 0.0 34
1779569211032 2.0 35
