1779569213396 0.0 0
1779569213404 0.0 1
1779569213411 1.0 2
1779569213419 0.0 3
1779569213426 0.0 4
1779569213433 0.0 5
1779569213440 0.0 6
1779569213447 3.0 7
1779569213453 0.0 8
1779569213460 0.0 9
1779569213467 0.0 10
1779569213474 4.0 11
1779569213481 0.0 12
1779569213488 0.0 13
1779569213494 0.0 14
1779569213501 0.0 15
1779569213508 0.0 16
1779569213515 0.0 17
1779569213521 0.0 18
1779569213529 3.0 19
1779569213536 0.0 20
1779569213542 0.0 21
1779569213550 0.0 22
1779569213557 0.0 23
1779569213564 0.0 24
1779569213570 0.0 25
1779569213577 0.0 26
1779569213584 0.0 27
1779569213591 4.0 28
1779569213599 0.0 29
1779569213606 4.0 30
1779569213614 1.0 31
1779569213621 4.0 32
1779569213628 0.0 33
1779569213636 0.0 34
1779569213643 0.0 35
1779569213649 1.0 36
1779569213656 4.0 37
1779569213663 1.0 38
1779569213670 2.0 39
1779569213677 2.0 40
1779569213685 0.0 41
1779569213692 0.0 42
1779569213700 0.0 43
1779569213707 3.0 44
1779569213714 0.0 45
1779569213721 0.0 46
1779569213728 0.0 47
1779569213735 0.0 48
1779569213743 0.0 49
1779569213750 4.0 50
1779569213758 0.0 51
1779569213766 0.0 52
1779569213773 0.0 53
1779569213780 0.0 54
1779569213787 1.0 55
1779569213795 0.0 56
1779569213802 0.0 57
1779569213809 0.0 58
1779569213816 1.0 59
1779569213824 0.0 60
1779569213831 0.0 61
1779569213839 4.0 62
1779569213846 0.0 63
1779569213854 0.0 64
1779569213861 2.0 65
1779569213869 0.0 66
1779569213876 2.0 67
1779569213884 0.0 68
1779569213892 3.0 69
1779569213899 1.0 70
1779569213908 3.0 71
1779569213915 0.0 72
1779569213923 0.0 73
