1779569213396 2.0 0
1779569213404 2.0 1
1779569213411 1.0 2
1779569213419 2.0 3
1779569213426 2.0 4
1779569213433 2.0 5
1779569213440 1.0 6
1779569213447 0.0 7
1779569213453 2.0 8
1779569213460 2.0 9
1779569213467 1.0 10
1779569213474 0.0 11
1779569213481 2.0 12
1779569213488 1.0 13
1779569213494 1.0 14
1779569213501 2.0 15
1779569213508 1.0 16
1779569213515 2.0 17
1779569213521 2.0 18
1779569213529 0.0 19
1779569213536 2.0 20
1779569213542 2.0 21
1779569213550 2.0 22
1779569213557 1.0 23
1779569213564 1.0 24
1779569213570 2.0 25
1779569213577 1.0 26
1779569213584 1.0 27
1779569213591 0.0 28
1779569213599 2.0 29
1779569213606 0.0 30
1779569213614 1.0 31
1779569213621 0.0 32
1779569213628 1.0 33
1779569213636 2.0 34
1779569213643 2.0 35
1779569213649 1.0 36
1779569213656 0.0 37
1779569213663 1.0 38
1779569213670 1.0 39
1779569213677 1.0 40
1779569213685 1.0 41
1779569213692 2.0 42
1779569213700 2.0 43
1779569213707 0.0 44
1779569213714 2.0 45
1779569213721 1.0 46
1779569213728 2.0 47
1779569213735 1.0 48
1779569213743 2.0 49
1779569213750 0.0 50
1779569213758 1.0 51
1779569213766 2.0 52
1779569213773 1.0 53
1779569213780 2.0 54
1779569213787 1.0 55
1779569213795 1.0 56
1779569213802 2.0 57
1779569213809 2.0 58
1779569213816 1.0 59
1779569213824 2.0 60
1779569213831 2.0 61
1779569213839 0.0 62
1779569213846 2.0 63
1779569213854 2.0 64
1779569213861 0.0 65
1779569213869 2.0 66
1779569213876 0.0 67
1779569213884 2.0 68
1779569213892 0.0 69
1779569213899 1.0 70
1779569213908 0.0 71
1779569213915 2.0 72
1779569213923 2.0 73
