1779569215754 1.0 0
1779569215762 0.0 1
1779569215769 2.0 2
1779569215776 1.0 3
1779569215783 1.0 4
1779569215791 2.0 5
1779569215798 2.0 6
1779569215805 1.0 7
1779569215813 1.0 8
1779569215820 1.0 9
1779569215827 2.0 10
1779569215834 1.0 11
1779569215841 2.0 12
1779569215849 2.0 13
1779569215855 0.0 14
1779569215862 2.0 15
1779569215869 2.0 16
1779569215876 0.0 17
1779569215882 2.0 18
1779569215889 1.0 19
1779569215896 2.0 20
1779569215903 2.0 21
1779569215910 1.0 22
1779569215917 1.0 23
1779569215924 1.0 24
1779569215930 0.0 25
1779569215937 2.0 26
1779569215944 1.0 27
1779569215952 2.0 28
1779569215958 0.0 29
1779569215966 2.0 30
1779569215973 2.0 31
1779569215981 0.0 32
1779569215987 0.0 33
1779569215994 2.0 34
1779569216001 0.0 35
1779569216008 0.0 36
1779569216015 1.0 37
1779569216022 0.0 38
1779569216029 2.0 39
1779569216036 0.0 40
1779569216043 1.0 41
1779569216050 2.0 42
1779569216057 1.0 43
1779569216064 1.0 44
1779569216071 1.0 45
1779569216078 1.0 46
1779569216085 0.0 47
1779569216093 1.0 48
1779569216101 2.0 49
1779569216108 1.0 50
1779569216117 2.0 51
1779569216126 2.0 52
1779569216134 1.0 53
1779569216141 1.0 54
1779569216148 1.0 55
1779569216155 1.0 56
1779569216164 1.0 57
1779569216171 0.0 58
1779569216179 1.0 59
1779569216186 1.0 60
1779569216193 2.0 61
1779569216201 2.0 62
1779569216208 2.0 63
1779569216215 2.0 64
1779569216223 1.0 65
1779569216230 2.0 66
1779569216238 2.0 67
1779569216245 0.0 68
1779569216253 1.0 69
1779569216260 2.0 70
