1779569215754 0.0 0
1779569215762 2.0 1
1779569215769 0.0 2
1779569215776 0.0 3
1779569215783 1.0 4
1779569215791 0.0 5
1779569215798 0.0 6
1779569215805 0.0 7
1779569215813 0.0 8
1779569215820 0.0 9
1779569215827 0.0 10
1779569215834 0.0 11
1779569215841 0.0 12
1779569215849 0.0 13
1779569215855 4.0 14
1779569215862 0.0 15
1779569215869 0.0 16
1779569215876 2.0 17
1779569215882 0.0 18
1779569215889 1.0 19
1779569215896 0.0 20
1779569215903 0.0 21
1779569215910 0.0 22
1779569215917 0.0 23
1779569215924 0.0 24
1779569215930 3.0 25
1779569215937 0.0 26
1779569215944 0.0 27
1779569215952 0.0 28
1779569215958 2.0 29
1779569215966 0.0 30
1779569215973 0.0 31
1779569215981 1.0 32
1779569215987 4.0 33
1779569215994 0.0 34
1779569216001 3.0 35
1779569216008 4.0 36
1779569216015 1.0 37
1779569216022 4.0 38
1779569216029 0.0 39
1779569216036 4.0 40
1779569216043 2.0 41
1779569216050 0.0 42
1779569216057 0.0 43
1779569216064 2.0 44
1779569216071 0.0 45
1779569216078 0.0 46
1779569216085 3.0 47
1779569216093 0.0 48
1779569216101 0.0 49
1779569216108 2.0 50
1779569216117 0.0 51
1779569216126 0.0 52
1779569216134 1.0 53
1779569216141 1.0 54
1779569216148 0.0 55
1779569216155 2.0 56
1779569216164 0.0 57
1779569216171 1.0 58
1779569216179 0.0 59
1779569216186 0.0 60
1779569216193 0.0 61
1779569216201 0.0 62
1779569216208 0.0 63
1779569216215 0.0 64
1779569216223 0.0 65
1779569216230 0.0 66
1779569216238 0.0 67
1779569216245 3.0 68
1779569216253 2.0 69
1779569216260 0.0 70
